13.1980874385345
8.67593406374127
16.5723485508039
18.752862822183
24.134113240098
22.065073756573
20.5536018882142
18.8297976742323
9.20543596869046
7.57686309445104
28.2598299590027
18.2290314658749
12.0636354445504
19.0015488449496
9.59363988625045
18.5683986267378
25.793113252512
19.454429316933
15.1805489358529
25.4729336871624
8.4002289920528
9.21030313532276
6.61393890646636
27.916149170403
7.14309493252682
12.1261763413279
11.7923226171367
15.4287134802896
29.3892468141902
24.0975785104157
7.60783630819858
22.5746329413154
9.61958345477923
12.6614160582974
16.8341135391037
18.2995888994906
25.9538847115633
24.5136631773174
32.1609974420886
14.0632323176395
13.361611581671
14.3497361448404
24.5017008503383
3.32482471595891
26.0787439636758
12.2237085703503
31.308029356162
16.3440560024547
19.169164492081
26.5773188681339
26.7909652947451
7.39484068621729
10.9816007858163
24.0649741956345
23.0105458295045
17.0005120818102
11.7222412985541
3.13987287082055
25.1017367013585
19.1076803112246
26.3085927573084
14.7168491955489
15.1984068985206
16.8869763153944
12.958713018354
13.8682255906169
13.048724846822
21.6997218276512
7.24991211999918
15.9406717764478
21.2339853239585
14.5920517467301
15.5403014083902
29.6164367386198
23.9320796676693
19.4134193937417
13.8201318356431
20.3117700346138
32.6820928082534
9.53081293736868
18.0231433031515
7.94171198800312
8.69625909892213
22.1970590811286
18.7717504403029
22.9562669924962
20.5611436991492
13.3741111702769
22.8536868585497
1.32765699505172
18.0049211778789
21.4361242043962
22.6174541836195
11.0637146768149
14.6441317382345
26.4205160094189
5.12826042946582
16.1990976662947
25.7686710534362
3.01392729270769
11.2516613912491
4.63955200214698
3.13153282177554
18.994446610147
11.7710199595848
5.69755772522898
14.3377149151234
9.15863568450636
13.834209480966
23.4987522539851
22.7216894246605
16.3815407346582
11.6669224731389
11.552532154587
20.9541974497064
13.5699074987246
19.8667338200336
20.978726227848
6.28654679603677
18.1019809773336
23.7019089954666
21.8698540220478
14.5584512194746
12.0103930748782
19.7284754255334
19.3268387719032
22.0295432927496
14.2881948621333
20.7120653639703
10.6595719255975
16.0132672127569
32.4309079008335
11.2323635146172
21.8764639783565
13.6005757075965
3.23093745883415
8.15754748960148
21.9532286052676
22.5546749834305
10.9758702364413
11.3067253168916
7.19545367007148
2.74691853086967
13.1078444778722
16.2443017446534
24.4199648214184
25.4370904448608
22.9220245648855
25.905285584603
22.4191687533069
17.9857785162977
17.2878111322711
16.9510091562609
20.8463954567477
21.1286548407445
13.7739364901733
10.0018340444183
8.4024622439653
12.6714643406346
30.6368368701407
17.2000002883812
10.5645981660696
5.48406875587562
16.8890661514935
7.83575353454693
32.5902044483158
9.17361913052883
6.8547734571347
9.53627777769935
20.6592361375009
2.81551205647737
15.9635438392414
21.6097885605504
19.0076203951201
6.87292124257073
9.80895274275587
14.0868445393527
13.4736652114945
22.6035505708395
8.21949190295759
12.492869216341
15.1405316860365
14.5585261772395
23.3112280272932
9.25951153949565
18.0329068664208
29.4611636649506
15.4345019431059
17.5199179338948
17.8950833285252
15.263059080714
29.8176726220521
25.2665749928966
3.09588333148574
16.1872169540864
11.9782771394939
14.0764597171075
11.6229473091105
25.5771551759395
32.3871036306855
16.1939382639763
21.3233935409681
10.0152394326023
8.16137533648042
6.05563056443945
23.9078766900333
15.8570810505231
25.2852196807275
28.6051265743691
19.7303672236693
18.5819781208695
25.9232855910714
25.9593498806919
21.4998291878907
10.7467262684166
20.5905929032592
4.49420595026583
18.0745353221105
26.2268150541736
4.80337755225722
7.60514569382997
27.0312635031513
21.0052891241893
24.2902697030231
25.4282145141284
11.9598173131558
10.2273607307635
10.7747277534757
7.24330682593156
27.4577528972794
32.9447267850503
17.7335401436834
13.3880019191557
25.9568713914293
18.6272141772846
22.7301289956679
2.82757355539128
11.7702483980709
7.2926073350183
7.00946637931464
17.8842059594748
14.5438615327625
9.59659099701947
7.46439391810134
11.7516248898347
23.9324986234853
4.50356361598413
9.39348598276764
23.3457157001357
13.6501460033887
37.6991284355237
14.496730195558
7.31755689627608
15.3433516531945
26.6150467018774
23.0957993218001
10.3465823195699
13.685448624976
12.8507218798444
18.5873058603349
16.9680255210739
25.8144791917499
15.9810180240216
21.2197482604874
11.0591150426549
22.4593020868969
22.2645737249749
19.0693939986241
17.7129199455479
7.2611764717148
12.4158718829643
18.6751390239801
24.2450232804029
4.93713364328983
8.72396593668631
22.8390007701796
13.8788717851342
7.44528168256808
5.36677762806523
27.6144893740925
24.3130975793488
13.8551493552517
21.6771217701324
30.4583134586989
19.9532877056365
12.2309235479924
7.33691561779462
19.7942527521386
15.4542962263645
25.9351869744599
15.6523151326699
1.32878743250662
3.88570629852706
24.6380763143081
12.1220014237393
23.4809886917949
6.60797932999968
22.8718091678961
9.03623690543431
11.5504695249598
6.18789003161033
3.92709502420375
27.3366461593401
7.49746819338022
28.9567727169063
15.5418821851416
19.7409605854375
7.13442532131209
27.0439839068938
31.0057836231562
7.03435711036427
13.0002252998367
31.6891431396159
21.9870479202504
3.89819143633527
18.4646043819478
16.1383725435128
12.3040396398845
4.31856083959942
11.8211614768696
6.76821923897586
12.5674024251671
21.7275127778696
6.2954768847514
12.9389623011128
15.0268953476319
24.7372895773136
8.42283919857471
13.1336042742817
20.8823198885905
24.5133920344828
15.409842226133
29.1502549584768
18.3256634068832
12.9750890504432
26.7497083007012
4.16655070801407
17.2558922524158
25.6500848149865
13.5273665236101
9.78770524718198
19.0885270578685
23.2172003838347
16.6465128085535
18.8380906683816
20.290024970986
1.84168842194126
12.8174183446369
28.9278270882943
16.8909929073419
12.6438099315084
11.9425968101326
20.1584603725884
22.2274826064262
22.3900334866168
21.8494798126773
32.4633646281027
6.59820447085784
18.4864277208401
22.6714080829837
17.7863053343403
8.70053389664336
21.2433820126898
5.24068206826693
24.4539839989324
8.62080528306703
19.8028367036503
26.4176951427235
13.7564806183492
29.2475276820495
14.2241235893869
16.3043056246393
5.73824836273735
22.6965662112503
18.6183498852938
7.49782717582539
12.836876545319
7.71888742994141
5.9985220263186
23.4421784425336
3.73931467181952
7.51841808441668
14.2039178811551
21.8839915826177
21.9142136427603
14.2412720356569
3.37913776193496
23.7912219059944
20.398627214625
15.9680473684213
24.1673631054912
22.3567827284057
17.8481254960891
17.4212017296327
17.8202152128592
19.8760579225194
19.4184072157607
26.6652560531917
25.174782088104
9.73403371085958
22.3375061617616
10.4952520027631
32.6733708906688
8.69565180079852
26.7891895421872
27.2585638299789
5.81263157016433
36.8437109537367
6.49885477293007
9.51859967149579
18.9922961607522
10.7966143065199
7.12339073729002
35.3478101965347
7.78767658386278
29.2142929847938
8.19373401528619
13.1294596093325
9.19882702938978
16.4296603231521
18.9270614066762
12.8621946982092
23.5053705992445
20.5645744836587
19.102586802458
25.8741475217036
16.2336997226564
13.0177980403038
20.9472793340195
3.08931705953976
15.5171299597868
11.4207227465099
16.1820272714655
10.0835428773555
25.0528753040415
19.7345560439795
10.7320671516941
21.5640470971758
27.5836669193292
15.3531273220418
5.53163160125319
26.1630581122709
26.2536120554857
17.0514063160022
14.9276187850136
20.1286529347239
17.0382240917959
8.22472487878203
20.7099937018996
6.13108995323794
16.7181906420485
22.0779020162853
24.9147457909424
16.1340257750703
7.35233651842374
26.5745664839213
9.85250157640687
12.6610995201395
21.8401395703318
8.03917326497218
22.8298844723815
10.5726153935164
19.9715967581041
29.1702728269739
22.0002128924798
4.89004518311236
33.2097167761887
2.44949222369818
23.2943783120545
19.2708005835328
32.389258140447
23.3653980744446
11.0959242965582
22.0614566647174
22.5864528479645
2.52237865708058
11.6848985623168
22.9158793004165
34.1868847258433
19.5446013095686
23.655721256575
15.8136571450733
17.7350877579031
14.5273662001162
29.5242328493457
3.86890864740055
14.2449952667336
13.7363789646183
26.424835190214
21.7366262902219
20.3620795386699
19.4497309954988
6.06210648731357
28.5231582551294
26.8864305785427
26.7402683514527
26.4968408857917
35.3881530790437
31.7079781210475
13.8815592011852
