22.0323588667207
15.4828589418834
4.40723397254013
25.3150034325802
12.7794177548039
32.0902532726834
12.3078320829393
21.9840423315723
23.845831220934
22.9725402308242
11.3614247670302
17.5298993719568
35.8283086823156
11.7206220708086
7.97991522246564
6.47152217248364
29.1488659715167
10.8869131384705
20.0755995440743
4.89487307302145
22.0508838806014
14.8158009626341
25.2025351124249
9.70809794885622
1.58461189631054
26.1644064814106
18.8202332757917
12.3369769620476
21.1727719960813
16.3501831746826
26.2663362847236
16.0746480509771
20.5292058278909
3.28438973258111
20.1851807535863
28.034378187927
10.4330043968014
17.7658485822428
15.1903945987055
10.8862155499007
10.3586700176123
5.22201179281012
10.175171124322
31.4590047419811
10.3773077111513
23.5595186408792
23.0262030379592
18.302743709662
16.4583841463527
19.0545673989301
31.0495902665457
15.4000934057373
10.3267586054679
13.8077763957787
31.4388404060881
14.770568767232
14.0456168435133
20.1043648482018
11.748047921148
19.5774008607922
18.5546030138506
3.62267888015282
6.36751491730685
25.4712762250821
24.5465072004848
29.6106189636301
10.8921261075893
12.4430428940307
31.5437028593651
7.85733597165229
15.4695498299607
14.6172076421332
28.2118557369546
18.4752026766708
7.00291619527779
20.1418881282527
25.7378501733967
9.53467654297702
22.1410684370455
7.69343236386522
13.1917902732673
24.430533559714
23.9750188893633
32.8877231627792
9.1169449029614
28.0777296424085
8.96519427358447
24.4876606008181
18.1945738730538
12.2361974450397
17.9575147835219
22.5093422835523
14.2614442150601
8.43405914374548
20.685454168819
23.4863475566911
32.1729106747583
32.0221441959974
16.4446067391263
7.88546573616069
12.1312408335622
10.6331937696734
19.652876364574
5.40815969272138
11.8626392287885
19.169016969062
19.7495957183371
18.6477258124272
14.1474160178322
23.7344447308453
10.1095034886219
8.59530096916855
23.2484784730421
14.0296687560391
6.29646208109076
9.15694871113862
24.9886589213167
20.4330581187635
10.5846196684406
20.7138484689523
19.4735445764896
17.3442478257689
18.9603991755029
24.2880275840371
14.40514042081
31.2775979574999
10.9879747170161
8.17936254416969
13.1782880492871
22.603185991947
16.4796786689977
7.08263934837508
12.6677899999755
24.9414711385214
16.2758504831644
3.07094711719544
32.5615562491676
16.060228665707
21.5766215932714
12.7931059446102
9.10406022832129
4.92347046897
2.69239214816718
19.3514024579866
4.95626599822151
13.0068027004202
8.68714032834989
1.71369646226389
20.2002064474365
23.5496660456767
23.4475819424375
27.3178396445018
22.5086265801637
14.3954678877475
13.012506239121
7.32965170443439
16.0793912350677
4.19044362640023
15.6919593664797
23.3171060217989
28.5954645853776
27.341588453035
8.21042639704523
19.3504468477186
5.23874860095171
1.41456677391437
11.4796765493017
11.4934586541751
29.4716960397307
22.8711172229121
17.5446442380731
23.3212946139372
10.3571730637794
9.16414958229482
24.3097785389068
13.2901746143411
25.1162766636061
20.5733169386628
24.020750829131
4.42990100628373
11.0549470183667
12.9377704131069
19.4921292645724
6.48894245001618
19.1618519527532
27.3679171343953
22.3471521192245
24.9947461960584
10.9057577583975
24.753188502127
8.9957607495686
14.3730256595454
12.9830502398459
6.22558190274768
14.4478147106933
27.4770553832243
32.2719790216857
10.6758690084343
17.2820385336566
11.326675422356
10.0759189834544
4.51442078898897
11.0879903469645
14.2395903080995
13.3719075475429
26.2123606162504
11.9050500723729
14.2324069723105
24.9212780719692
4.41796061444456
13.6599232282361
25.014569419228
29.5048345542449
17.0415543248357
11.8679211261347
17.8237347364562
19.429209446977
8.31687001274351
27.5078958925724
22.2766004206778
20.2004850230747
9.20599249485272
19.6978552317724
19.4261007798333
16.9221760731316
0.877314762804555
16.0778655947703
17.1003658297535
9.14057952086274
24.5563798118393
21.149135561355
12.0307724493733
20.3934406476148
10.5700932299352
10.151747901665
12.8827659629438
14.2641588210155
17.7322014767173
5.58938082802683
7.40626716831866
17.0003000584851
21.3302362416092
22.174602407581
6.71488979098048
21.8894867303216
19.4838552275052
9.61925282300222
11.653479309149
4.92210345935278
4.71001754533414
12.6690004238736
5.95068822859586
30.2520384427255
10.5431376332669
13.7113132563299
25.5596436504436
8.90634155074386
11.2820533998649
23.4210101844181
8.75452575741444
13.9439171384162
19.4946227641112
6.06742561774053
8.31876071181654
29.468470557399
22.3259380369312
0.964309079719285
16.618334971704
21.0457092411614
6.54604452956784
12.3596572913875
7.60929506275413
10.2172290243638
13.88922973777
18.5435092498395
9.64856129974543
21.5710232538409
32.4146150014463
24.7344361533913
16.9820466129089
27.69344786413
4.62531708442157
20.6886191860196
30.7415068920838
16.0454828458472
32.142934347726
5.85454164685537
18.3918627546726
13.2097265347271
25.2940834917958
5.01986024930888
13.8500345857012
14.7653193171813
24.6307891243517
18.2797321856598
2.47802069666406
9.43578807711224
11.2509073728467
26.6003416324443
16.3426343269302
27.4196736241059
17.7140224485909
13.8808269540815
20.3946434529592
8.50724875474994
17.437760032571
7.89593418003635
18.8471646949831
21.3393916633753
33.9963161909224
16.5067971720458
25.7627286586971
5.57509083915432
16.5920486075014
7.29213974676817
18.3650032625327
7.56199160553421
24.164581355027
17.0441085502297
12.9765649874649
16.6658050228019
14.6893855755822
27.2984677035939
13.4032155012244
28.9504607409437
10.047945486494
14.0275095824651
16.8040347262486
9.79109171116779
17.6897274212461
32.6738259034741
22.5808774758372
28.118829215162
7.19748643820679
9.45865662002276
29.1010603391955
6.85653238633681
13.8954321560354
17.0570771556343
21.6125184420978
15.7864269350684
20.924384144025
14.4898524453209
3.63115860770602
8.71712301931771
24.6450973880649
29.8612683654586
31.5738516626248
6.88386537753212
11.2278738163851
19.3041361410555
18.579792624013
11.5602018802988
11.3745045950912
11.2794525735782
19.2212182272586
18.8147199276527
21.9445476340272
20.0840519359306
8.82760829318285
28.7326831358396
20.9255960477836
20.219850773295
20.8659769005016
16.9015883833752
19.9471366720408
10.941628611356
17.8107029539225
22.1963650236051
2.02422170163925
1.93006764627942
21.4455060739811
17.2043296218566
13.8976428088853
17.9366549787699
18.7671550772667
11.3588759791807
10.5680286806597
4.81810951122067
1.22482883270643
7.04466856730255
5.18840365210953
19.5325513449866
22.5928699124696
21.3588164066414
8.82051540302626
9.30806978161491
9.25437163654963
9.97629369640353
25.5884785823922
12.5392237997127
17.2764232346828
7.92930595681063
27.7083930899637
28.7316445623836
3.10746743250253
19.0483104796124
18.5888901687467
12.6641227292986
15.842025364398
3.91894743163762
16.7904275148091
6.19451912189066
30.5302448539985
26.7989196314875
14.1116003405477
14.6897376861049
19.4628750270606
20.6774280585867
6.68299717577944
7.14451184009254
21.6055890750514
6.12188444688925
10.0529409202661
29.6954102127298
7.64262127663465
12.0436523128314
31.78454365116
27.4962557033454
18.2331754789524
6.31576628822928
24.1031254416454
28.2123925200642
7.95582815875333
19.5208848567208
21.4489941719889
6.67098070605577
12.9111738061864
27.4676949357974
7.45960441349157
15.6676494170454
8.20721193457358
12.219924584892
22.7866834413314
20.5132940717182
29.6314476214638
11.3271719885098
8.41141032981528
20.265484207483
9.2479844330733
24.1536435187932
32.5720445144609
25.1964172910148
7.43610093104117
12.9468779985132
6.82720169011732
13.9602341598251
4.86426367271257
6.03044951863848
27.365121121573
20.8324378533081
10.8183055429268
11.2535593552002
12.8768721322084
19.7823524505647
23.5505257675704
18.5476087444534
20.0373238801566
19.8230204741952
29.2276296026189
15.0564762689964
28.6095093676265
16.8671349009744
20.915556628762
8.04184460474025
19.2784133130868
28.2866618657141
24.3631589304404
18.9175078023664
13.1423972235726
18.6035817446625
18.3594232909156
8.92610729851377
24.4181306274808
8.30879950538639
4.52348984577637
7.12003599311158
20.0006817080858
15.1213340336716
14.167229720845
18.9805715628562
6.00704987887656
15.550906028551
17.4115826822357
17.1477270790126
13.6835044684907
22.3967431721833
5.01168321477317
24.0038241242018
4.04764056176181
22.1850855399389
16.4985547215413
5.82030812643519
16.8795745848438
14.3428454550819
21.442397849521
11.9097440142198
20.4437172447215
12.2193608552963
10.4460777434178
